DMSP 5D-3 F16 (USA 172) 
1 28054U 03048A   26195.61992630 -.00000052  00000+0 -35783-5 0  9992
2 28054  98.9897 219.6288 0008101  72.5816  37.2542 14.14484844173361
METEOSAT-9 (MSG-2)      
1 28912U 05049B   26195.71065512  .00000111  00000+0  00000+0 0  9991
2 28912   9.4218  53.8921 0002144 356.1803 183.9913  1.00271736  7270
DMSP 5D-3 F17 (USA 191) 
1 29522U 06050A   26195.81777303 -.00000024  00000+0  10073-4 0  9991
2 29522  98.7387 201.8233 0009741 344.0085  16.0780 14.14996218 16338
FENGYUN 3A              
1 32958U 08026A   26195.81778755  .00000018  00000+0  29304-4 0  9994
2 32958  98.6887 136.1349 0009673  52.8286 307.3772 14.19576476939323
GOES 14                 
1 35491U 09033A   26195.79771083 -.00000367  00000+0  00000+0 0  9997
2 35491   1.7587  82.6967 0001899  40.3899 222.0628  1.00098247  6863
DMSP 5D-3 F18 (USA 210) 
1 35951U 09057A   26195.86160843  .00000156  00000+0  10377-3 0  9995
2 35951  98.9056 176.5730 0011205 166.4092 193.7384 14.14911469863505
EWS-G2 (GOES 15)        
1 36411U 10008A   26195.87512463  .00000013  00000+0  00000+0 0  9995
2 36411   1.3515  82.4632 0005215  53.7621 174.8648  1.00268500 59918
COMS 1                  
1 36744U 10032A   26195.45878229 -.00000258  00000+0  00000+0 0  9992
2 36744   4.8730  75.0265 0011267  14.7056 332.7369  0.99168113 51358
FENGYUN 3B              
1 37214U 10059A   26195.89473704 -.00000270  00000+0 -11629-3 0  9999
2 37214  98.9611 242.0243 0023155 107.2845   8.5324 14.14846244811340
SUOMI NPP               
1 37849U 11061A   26195.83005801  .00000000  00000+0  21224-4 0  9992
2 37849  98.7955 136.5181 0000733 216.4242 143.6885 14.19522530762366
METEOSAT-10 (MSG-3)     
1 38552U 12035B   26195.77294064 -.00000018  00000+0  00000+0 0  9994
2 38552   4.7350  60.8824 0001130  16.5114 133.5417  1.00270718 51135
METOP-B                 
1 38771U 12049A   26195.85322833  .00000042  00000+0  38905-4 0  9993
2 38771  98.6490 246.7984 0001077 257.5838 102.5219 14.21446296717191
INSAT-3D                
1 39216U 13038B   26195.79857751 -.00000349  00000+0  00000+0 0  9993
2 39216   1.9951  82.1895 0000517  83.0443 184.4093  1.00268638 47358
FENGYUN 3C              
1 39260U 13052A   26195.88911120  .00000028  00000+0  35591-4 0  9990
2 39260  98.4998 168.4947 0013684 306.9338  53.0583 14.15760737662483
METEOR-M 2              
1 40069U 14037A   26195.87919494 -.00000199  00000+0 -71545-4 0  9994
2 40069  98.5124 170.6389 0005188 328.1737  31.9127 14.21468738623252
HIMAWARI-8              
1 40267U 14060A   26195.80074419 -.00000284  00000+0  00000+0 0  9999
2 40267   0.0163 356.9544 0001079 172.5336 192.1053  1.00271554 43037
FENGYUN 2G              
1 40367U 14090A   26195.74547804 -.00000314  00000+0  00000+0 0  9993
2 40367   5.7061  72.4807 0004121 171.8392  55.9516  1.00281192 42278
METEOSAT-11 (MSG-4)     
1 40732U 15034A   26195.77476065  .00000051  00000+0  00000+0 0  9998
2 40732   3.2680  70.9353 0002190 354.0310 155.8272  1.00271728  7490
ELEKTRO-L 2             
1 41105U 15074A   26195.41356580 -.00000129  00000+0  00000+0 0  9994
2 41105   6.7595  70.1832 0001026 212.6794 143.7919  1.00272099 38775
SENTINEL-3A             
1 41335U 16011A   26195.84772786  .00000038  00000+0  33894-4 0  9998
2 41335  98.6238 262.8323 0001361  90.0014 270.1322 14.26739681542000
INSAT-3DR               
1 41752U 16054A   26195.82553707 -.00000085  00000+0  00000+0 0  9997
2 41752   0.0689  88.6872 0010589 181.2817  33.9024  1.00270683 36090
HIMAWARI-9              
1 41836U 16064A   26195.58689512  .00000000  00000+0  00000+0 0  9994
2 41836   0.0126 316.2514 0002288 222.2337 105.9965  1.00265737 35482
GOES 16                 
1 41866U 16071A   26195.68089252 -.00000099  00000+0  00000+0 0  9990
2 41866   0.4025  85.4749 0000527  98.1238 249.3671  1.00270922 35373
FENGYUN 4A              
1 41882U 16077A   26195.79745084 -.00000367  00000+0  00000+0 0  9996
2 41882   2.3898  79.9598 0008506 159.5927 103.9340  1.00268349 35202
CYGFM05                 
1 41884U 16078A   26195.80923090  .00015378  00000+0  19982-3 0  9996
2 41884  34.9569  77.5131 0006047  33.0184 327.0918 15.57843054533062
CYGFM04                 
1 41885U 16078B   26195.81852939  .00020900  00000+0  22188-3 0  9990
2 41885  34.9324  43.7020 0004229  79.7565 280.3638 15.63063348533320
CYGFM02                 
1 41886U 16078C   26195.82764747  .00025129  00000+0  23385-3 0  9999
2 41886  34.9405  37.3299 0004961  84.1250 276.0042 15.66340345533501
CYGFM01                 
1 41887U 16078D   26195.78553326  .00016144  00000+0  20411-3 0  9998
2 41887  34.9399  78.4980 0006024  25.7912 334.3113 15.58560597533012
CYGFM08                 
1 41888U 16078E   26195.82383988  .00019298  00000+0  21825-3 0  9992
2 41888  34.9433  57.0663 0006219  64.7045 295.4324 15.61441664533297
CYGFM07                 
1 41890U 16078G   26195.84510840  .00019601  00000+0  22082-3 0  9990
2 41890  34.9447  45.2417 0004639  80.9293 279.1957 15.61551104533326
CYGFM03                 
1 41891U 16078H   26195.81630023  .00019622  00000+0  22117-3 0  9996
2 41891  34.9404  47.3629 0004529  62.7392 297.3794 15.61537270533299
FENGYUN 3D              
1 43010U 17072A   26195.91437213  .00000075  00000+0  57073-4 0  9995
2 43010  99.0137 170.8400 0001526  14.4962 345.6257 14.19744668448928
NOAA 20 (JPSS-1)        
1 43013U 17073A   26195.84340712  .00000006  00000+0  23681-4 0  9990
2 43013  98.7772 135.0610 0001373 125.0813 235.0491 14.19516397448391
GOES 17                 
1 43226U 18022A   26195.82648433 -.00000192  00000+0  00000+0 0  9992
2 43226   1.0058  85.2619 0000536  82.3130 333.1466  1.00271097 30708
SENTINEL-3B             
1 43437U 18039A   26195.82086807  .00000033  00000+0  31777-4 0  9998
2 43437  98.6236 262.9549 0001135 119.3796 240.7498 14.26736193428066
FENGYUN 2H              
1 43491U 18050A   26195.78861081 -.00000137  00000+0  00000+0 0  9997
2 43491   3.0993  78.7420 0002307 134.0717  82.8696  1.00267176 29718
METOP-C                 
1 43689U 18087A   26195.80061241  .00000042  00000+0  39064-4 0  9990
2 43689  98.6631 254.8975 0002223  94.2078 265.9354 14.21518964398751
GEO-KOMPSAT-2A          
1 43823U 18100A   26195.72708625 -.00000352  00000+0  00000+0 0  9999
2 43823   0.0287 108.8702 0001961 352.7689 220.9550  1.00269956 27901
METEOR-M2 2             
1 44387U 19038A   26195.85134241 -.00000177  00000+0 -56845-4 0  9996
2 44387  98.9152 183.5467 0000745   3.9926 356.1258 14.24372389365233
ARKTIKA-M 1             
1 47719U 21016A   26195.40739072 -.00000301  00000+0  00000+0 0  9996
2 47719  63.2662  53.6722 7297332 270.0591  14.4994  2.00611590 39330
FENGYUN 3E              
1 49008U 21062A   26195.89517750 -.00000152  00000+0 -50908-4 0  9992
2 49008  98.7495 198.9944 0002286  39.9634 320.1711 14.19906108260519
GOES 18                 
1 51850U 22021A   26195.74580633  .00000088  00000+0  00000+0 0  9999
2 51850   0.0191 127.3347 0000399  62.6101 234.1429  1.00270740  6862
NOAA 21 (JPSS-2)        
1 54234U 22150A   26195.80522536 -.00000002  00000+0  19527-4 0  9992
2 54234  98.7060 134.1306 0002823 105.2489 254.8999 14.19540984190463
METEOSAT-12 (MTG-I1)    
1 54743U 22170C   26195.77285397 -.00000017  00000+0  00000+0 0  9993
2 54743   0.7248  19.6446 0003794  82.1207 108.7756  1.00267589 13252
TIANMU-1 03             
1 55973U 23039A   26195.85196954  .00008858  00000+0  17114-3 0  9991
2 55973  97.5235  10.9213 0002603  28.1665 331.9725 15.48036792185118
TIANMU-1 04             
1 55974U 23039B   26195.83053321  .00009468  00000+0  17886-3 0  9994
2 55974  97.5174  10.0549 0003066  14.4278 345.7059 15.48662019185127
TIANMU-1 05             
1 55975U 23039C   26195.83409339  .00009210  00000+0  17830-3 0  9993
2 55975  97.5219  10.5073 0003002  46.4454 313.7044 15.47961410185097
TIANMU-1 06             
1 55976U 23039D   26195.83569319  .00009518  00000+0  18043-3 0  9997
2 55976  97.5226  11.1728 0003100  37.9322 322.2146 15.48559377185126
FENGYUN 3G              
1 56232U 23055A   26195.83399581  .00014987  00000+0  23560-3 0  9999
2 56232  49.9902 203.4390 0007053  54.2287 305.9335 15.53776424184305
METEOR-M2 3             
1 57166U 23091A   26195.85205420 -.00000015  00000+0  12140-4 0  9997
2 57166  98.6068 250.2622 0005150  91.0145 269.1624 14.24048876158451
TIANMU-1 07             
1 57399U 23101A   26195.83110921  .00003581  00000+0  12545-3 0  9994
2 57399  97.2578 245.8675 0003786  65.4947 294.6688 15.30113069165878
TIANMU-1 08             
1 57400U 23101B   26195.86307391  .00003465  00000+0  12144-3 0  9995
2 57400  97.2566 245.6653 0004652  47.1278 313.0353 15.30116812165873
TIANMU-1 09             
1 57401U 23101C   26195.84584444  .00003714  00000+0  12981-3 0  9996
2 57401  97.2525 245.0503 0004379  65.5695 294.6003 15.30158015165877
TIANMU-1 10             
1 57402U 23101D   26195.87938075  .00003697  00000+0  12931-3 0  9998
2 57402  97.2604 246.1618 0005685  55.1616 305.0159 15.30131545165872
FENGYUN 3F              
1 57490U 23111A   26195.80796273  .00000008  00000+0  24071-4 0  9993
2 57490  98.6825 265.3005 0001286  76.3745 283.7574 14.19943345152787
ARKTIKA-M 2             
1 58584U 23198A   26195.17805492  .00000133  00000+0  00000+0 0  9997
2 58584  63.2180 151.3455 6910425 267.3421  18.7368  2.00608202 18864
TIANMU-1 11             
1 58645U 23205A   26195.83580008  .00003045  00000+0  11672-3 0  9996
2 58645  97.3440 216.9626 0006773 263.6673  96.3795 15.27261595141744
TIANMU-1 12             
1 58646U 23205B   26195.87368596  .00003111  00000+0  11978-3 0  9990
2 58646  97.3429 216.7471 0005776 236.0270 124.0421 15.27093528141730
TIANMU-1 13             
1 58647U 23205C   26195.84160000  .00003176  00000+0  12226-3 0  9996
2 58647  97.3457 216.9953 0005755 213.7283 146.3590 15.27085935141728
TIANMU-1 14             
1 58648U 23205D   26195.89152782  .00003089  00000+0  11881-3 0  9999
2 58648  97.3393 216.2046 0006395 221.4050 138.6705 15.27130113141735
TIANMU-1 19             
1 58660U 23208A   26195.85437373  .00004652  00000+0  15327-3 0  9990
2 58660  97.4529 312.3059 0004560 199.5984 160.5083 15.31972440141562
TIANMU-1 20             
1 58661U 23208B   26195.87071194  .00004678  00000+0  14848-3 0  9993
2 58661  97.4471 312.9865 0006306 213.2773 146.8074 15.33161633141664
TIANMU-1 21             
1 58662U 23208C   26195.81672060  .00005677  00000+0  16663-3 0  9994
2 58662  97.4532 315.7340 0006648 205.5309 154.5607 15.35547983141802
TIANMU-1 22             
1 58663U 23208D   26195.84578049  .00004202  00000+0  14108-3 0  9995
2 58663  97.4525 312.2093 0002717 219.8955 140.2086 15.31424010141567
TIANMU-1 15             
1 58700U 24004A   26195.81958568  .00003022  00000+0  11715-3 0  9997
2 58700  97.4666  22.0102 0006026 229.9728 130.0983 15.26911453139992
TIANMU-1 16             
1 58701U 24004B   26195.87460676  .00002881  00000+0  11148-3 0  9994
2 58701  97.4614  21.2820 0004440 247.1231 112.9539 15.27014823140009
TIANMU-1 17             
1 58702U 24004C   26195.86008852  .00003037  00000+0  11737-3 0  9996
2 58702  97.4640  21.7626 0003906 253.6667 106.4142 15.27012768139999
TIANMU-1 18             
1 58703U 24004D   26195.83615774  .00002912  00000+0  11295-3 0  9991
2 58703  97.4658  22.0013 0003733 226.2071 133.8860 15.26927849139991
INSAT-3DS               
1 58990U 24033A   26195.78921748 -.00000164  00000+0  00000+0 0  9992
2 58990   0.0925 264.7764 0001053 224.9359 169.1209  1.00270923 47348
METEOR-M2 4             
1 59051U 24039A   26195.82782068 -.00000009  00000+0  15452-4 0  9992
2 59051  98.7025 154.7807 0008253  89.6684 270.5439 14.22432140123193
GOES 19                 
1 60133U 24119A   26195.75793972 -.00000257  00000+0  00000+0 0  9995
2 60133   0.0072 128.6667 0000425  85.6593 275.9494  1.00271581  7245
MTG-S1                  
1 64723U 25143A   26195.77285397 -.00000015  00000+0  00000+0 0  9993
2 64723   0.5846 345.0208 0003464 261.5494 323.8774  1.00273434  3693
METOP-SGA1              
1 65159U 25172A   26195.76442858  .00000019  00000+0  29163-4 0  9994
2 65159  98.6631 254.9090 0007099 333.3306  26.7504 14.19819127 47701
FENGYUN 3H              
1 65815U 25219A   26195.80470204  .00000007  00000+0  23672-4 0  9992
2 65815  98.6771 136.0376 0001158  62.6327 297.4968 14.19924781 41301
