HST                     
1 20580U 90037B   26166.12212988  .00005845  00000+0  18362-3 0  9992
2 20580  28.4718  94.6872 0001877 120.6716 239.4066 15.30726834788258
POLAR                   
1 23802U 96013A   26164.95607492  .00000147  00000+0  00000+0 0  9995
2 23802  79.8497 227.0901 6467269 209.1905  89.6377  1.29846142144813
SWAS                    
1 25560U 98071A   26166.29292122  .00002622  00000+0  16914-3 0  9998
2 25560  69.8956 232.4045 0008670 262.1281  97.8899 15.09617182496982
CXO                     
1 25867U 99040B   26166.73124906  .00000579  00000+0  00000+0 0  9992
2 25867  56.1776 116.6293 7842889 310.3072   0.0447  0.37804362 17312
XMM-NEWTON              
1 25989U 99066A   26167.35230823  .00000036  00000+0  00000+0 0  9998
2 25989  64.4922 282.9960 4674559  64.9442   0.1261  0.50126459 23004
TERRA                   
1 25994U 99068A   26166.23382523  .00000327  00000+0  75511-4 0  9994
2 25994  97.9457 215.8575 0001432 196.7910 207.7502 14.61101637409329
CLUSTER II-FM7 (SAMBA)  
1 26410U 00041A   26168.13893488  .00013373  00000+0  00000+0 0  9990
2 26410 149.9159  50.9864 9054007 268.1291 359.6411  0.44868040 20307
CLUSTER II-FM8 (TANGO)  
1 26464U 00045B   26163.93708266  .00006608  00000+0  00000+0 0  9998
2 26464 150.1451  51.3058 9053762 268.2475   3.0098  0.44426436 20295
ODIN                    
1 26702U 01007A   26166.06193164  .00160229  00000+0  10555-2 0  9993
2 26702  97.3837 206.8690 0006711 145.1366 215.0340 15.75155349389064
TIMED                   
1 26998U 01055B   26166.26864469  .00000969  00000+0  91539-4 0  9995
2 26998  74.0674 238.8814 0001004 339.1242  20.9901 14.95291386330530
CORIOLIS                
1 27640U 03001A   26166.01276387  .00000079  00000+0  57681-4 0  9994
2 27640  98.7125 172.9307 0013256 215.3915 144.6383 14.19944273213914
SORCE                   
1 27651U 03004A   26166.01430323  .00002604  00000+0  19706-3 0  9992
2 27651  39.9911 274.0755 0016736  32.6972 327.4855 15.03703956271572
MOST                    
1 27843U 03031D   26166.02898584  .00000049  00000+0  42525-4 0  9990
2 27843  98.7045 173.7851 0008705 257.4744 102.5459 14.21322061190406
SCISAT 1                
1 27858U 03036A   26166.13221555  .00000418  00000+0  58127-4 0  9996
2 27858  73.9285 175.4258 0008595 245.0417 114.9867 14.81445803231143
SWIFT                   
1 28485U 04047A   26165.76985057  .00046339  00000+0  38801-3 0  9996
2 28485  20.5510 203.5475 0001644 246.2940 113.7333 15.68119780186484
HINODE (SOLAR-B)        
1 29479U 06041A   26166.00515110  .00000593  00000+0  11040-3 0  9991
2 29479  98.0549 182.1899 0016080 297.3047  62.6521 14.68620420 54557
SHIJIAN-6 02A (SJ-6 02A)
1 29505U 06046A   26166.31055352  .00004732  00000+0  24347-3 0  9990
2 29505  97.6362 207.3624 0004301 129.5116 230.6498 15.16924292 71981
SHIJIAN-6 02B (SJ-6 02B)
1 29506U 06046B   26166.34692198  .00001632  00000+0  13101-3 0  9991
2 29506  97.7159 195.4170 0015289  65.7440 294.5380 15.01374556 70465
FGRST (GLAST)           
1 33053U 08029A   26165.54396426  .00002818  00000+0  99725-4 0  9996
2 33053  25.5810 222.8369 0007607 296.5935  63.3824 15.23937341995432
SDO                     
1 36395U 10005A   26165.43714222 -.00000094  00000+0  00000+0 0  9999
2 36395  34.6460  86.3840 0001714  49.5303 182.1298  1.00269990 60033
CRYOSAT 2               
1 36508U 10013A   26166.28958280  .00000171  00000+0  41662-4 0  9991
2 36508  92.0353 276.8403 0002161  88.7661 271.3794 14.51898497857809
X-SAT                   
1 37389U 11015C   26166.25977562  .00000222  00000+0  11178-3 0  9998
2 37389  98.3502 143.3747 0014072 354.2395   5.8622 14.25206554787406
GCOM-W1 (SHIZUKU)       
1 38337U 12025A   26166.32636568  .00000381  00000+0  94533-4 0  9993
2 38337  98.2022 106.9102 0001816  76.4894  38.6972 14.57123031748766
NUSTAR                  
1 38358U 12031A   26166.33335648  .00011738  00000+0  67073-3 0  9995
2 38358   6.0286  48.0361 0006340  79.7335 351.7886 15.08788062  1307
NEOSSAT                 
1 39089U 13009D   26166.04923242  .00000124  00000+0  57572-4 0  9995
2 39089  98.4176 346.1327 0009841 250.9265 109.0856 14.35825743696432
BRITE-AUSTRIA           
1 39091U 13009F   26166.04892279  .00000145  00000+0  64060-4 0  9996
2 39091  98.3993 345.5376 0009070 243.6943 116.3312 14.36541345696740
IRIS                    
1 39197U 13033A   26166.14465034  .00000877  00000+0  10660-3 0  9994
2 39197  97.9330   5.4281 0023684 328.7500  31.2305 14.85881563700077
HISAKI (SPRINT-A)       
1 39253U 13049A   26165.84560712  .00000132  00000+0  93062-4 0  9991
2 39253  29.7187 231.9181 0136865 357.8721   2.1261 13.55544544631108
CASSIOPE                
1 39265U 13055A   26166.12817936  .00043666 -53047-6  47770-3 0  9996
2 39265  80.9157  69.2222 0293392  69.3517 293.8910 15.25011386667350
STSAT-3                 
1 39422U 13066G   26166.24836780  .00002131  00000+0  16377-3 0  9998
2 39422  97.6217 136.1676 0011154  50.1749 310.0456 15.02747366683919
SWARM B                 
1 39451U 13067A   26166.23529606  .00002861  00000+0  10181-3 0  9993
2 39451  87.7434 342.9099 0003333  86.7670 273.3961 15.28540292682947
SWARM A                 
1 39452U 13067B   26166.21946015  .00008903  00000+0  15315-3 0  9996
2 39452  87.3330  56.9734 0003005  94.7814 265.3790 15.50920364705946
SWARM C                 
1 39453U 13067C   26166.09029896  .00009867  00000+0  16982-3 0  9993
2 39453  87.3330  55.6025 0003001  95.2152 264.9452 15.50916759705889
BRITE-CA1 (TORONTO)     
1 40020U 14033L   26166.27122621  .00000599  00000+0  97851-4 0  9997
2 40020  97.9736 295.2345 0077247 283.2628  75.9972 14.72674193641933
OCO 2                   
1 40059U 14035A   26166.30140267  .00000335  00000+0  84365-4 0  9995
2 40059  98.2018 107.6231 0001501  85.9948 274.1422 14.57109842635779
BRITE-PL2 (HEWELIUSZ)   
1 40119U 14049B   26166.29777390  .00001359  00000+0  13089-3 0  9999
2 40119  97.9096 278.2832 0015223 114.0820 246.1994 14.94587421641166
MMS 1                   
1 40482U 15011A   26166.33335648 -.00000633  00000+0  00000+0 0  9993
2 40482  72.1850 348.7810 8322302 167.3885 109.3813  0.28357473  1399
MMS 2                   
1 40483U 15011B   26166.33335648 -.00000633  00000+0  00000+0 0  9994
2 40483  72.1851 348.7832 8323086 167.3941 109.3700  0.28357496  1398
MMS 3                   
1 40484U 15011C   26166.33335648 -.00000633  00000+0  00000+0 0  9995
2 40484  72.1882 348.7877 8322267 167.3886 109.3656  0.28357457  1397
MMS 4                   
1 40485U 15011D   26166.33335648 -.00000633  00000+0  00000+0 0  9996
2 40485  72.1843 348.7835 8321877 167.3964 109.3541  0.28357451  1399
ASTROSAT                
1 40930U 15052A   26166.20782047  .00001433  00000+0  92810-4 0  9994
2 40930   5.9955 169.6016 0007849   2.4786 357.5380 14.82504217579539
DAMPE                   
1 41173U 15078A   26166.27273310  .00001527  00000+0  53841-4 0  9992
2 41173  97.4552 171.7303 0013831  83.1231 277.1583 15.30782160584256
PISAT                   
1 41784U 16059B   26165.96430915  .00000754  00000+0  13601-3 0  9991
2 41784  97.8179 166.5126 0028188 210.0908 149.8680 14.68980131519418
HXMT (HUIYAN)           
1 42758U 17034A   26166.29254778  .00002665  00000+0  13717-3 0  9996
2 42758  43.0126 193.5911 0030407 134.7573 225.5757 15.18467950497376
FLYING LAPTOP           
1 42831U 17042G   26166.31910302  .00003152  00000+0  24959-3 0  9994
2 42831  97.4674 321.9235 0019545 127.8462 232.4535 15.01134999486178
ZHANGHENG 1-01 (CSES-1) 
1 43194U 18015C   26166.29668444  .00005478  00000+0  25096-3 0  9998
2 43194  97.6863 331.9164 0017029 273.5631  86.3656 15.20789583464359
SALSAT                  
1 46495U 20068K   26165.98698011  .00006897  00000+0  24187-3 0  9990
2 46495  97.8843 168.9176 0008203 317.5916  42.4688 15.29772719315025
IXPE                    
1 49954U 21121A   26166.33335648  .00008684  00000+0  46036-3 0  9991
2 49954   0.2318 331.8952 0007257  47.1972 239.9045 15.10236983  5891
SMILE                   
1 69123U 26109A   26144.65318427 -.00001976  00000+0 -42379-3 0  9994
2 69123  70.0007 229.2745 0009123 259.5159 100.4951 14.57062785   802
